07
00
00
a0
01
00
c4
00
a1
01
a2
00
01
00
02
00
a3
01
03
c4
01
04
96
48
01
05
96
4e
01
06
96
54
01
07
96
5a
01
08
96
60
01
09
96
66
01
0a
96
6c
01
0b
96
72
00
0c
07
78
00
0d
07
78
00
0e
07
78
00
0f
07
78
00
10
07
78
00
11
07
78
00
12
07
78
00
13
07
78
00
14
07
78
0a
0a
00
00
00
00
00
00
00
00
00
00
00
00
00
00
00
00
00
00
00
00
00
00
00
00
00
00
00
00
00
00
00
00
00
00
00
00
00
00
00
00
00
00
00
00
00
00
00
00
00
00
00
00
00
00
00
00
00
00
00
00
00
00
00
00
00
00
00
00
00
00
00
00
00
00
00
00
00
00
00
00
00
00
00
00
00
00
00
00
00
00
00
00
00
00
00
00
00
00
00
00
00
00
00
00
00
00
00
00
00
00
00
00
00
00
00
00
00
00
00
00
00
00
00
00
00
00
00
00
00
00
00
00
00
00
00
00
00
00
00
00
00
00
00
00
00
00
00
00
00
00
00
00
00
00
00
00
00
00
00
00
00
00
00
00
79
02
