07
00
00
a0
01
00
c4
02
c0
00
a1
02
d0
00
a2
02
d1
00
a3
01
01
c4
01
02
96
3c
01
03
96
42
01
04
96
48
01
05
96
4e
01
06
96
54
01
07
96
5a
01
08
96
60
01
09
96
66
00
0a
02
c1
07
6c
00
0b
02
c1
07
6c
00
0c
02
c1
07
6c
00
0d
02
c1
07
6c
00
0e
02
c1
07
6c
00
0f
02
c1
07
6c
00
10
02
c1
07
6c
00
11
02
c1
07
6c
00
12
02
c1
07
6c
0a
0a
00
00
00
00
00
00
00
00
00
00
00
00
00
00
00
00
00
00
00
00
00
00
00
00
00
00
00
00
00
00
00
00
00
00
00
00
00
00
00
00
00
00
00
00
00
00
00
00
00
00
00
00
00
00
00
00
00
00
00
00
00
00
00
00
00
00
00
00
00
00
00
00
00
00
00
00
00
00
00
00
00
00
00
00
00
00
00
00
00
00
00
00
00
00
00
00
00
00
00
00
00
00
00
00
00
00
00
00
00
00
00
00
00
00
00
00
00
00
00
00
00
00
00
00
00
00
00
00
00
00
00
00
00
00
00
00
00
00
00
00
00
00
00
00
6d
02
